spawns:
  default:
    world: 0aa74439-b39a-47de-ad7e-330f58cba886
    world-name: World_1
    x: -692.5139004711319
    y: 22.0
    z: -161.6057453451642
    yaw: 180.2596435546875
    pitch: -0.6000319123268127
