world: 0aa74439-b39a-47de-ad7e-330f58cba886
world-name: World_1
x: -692.4615668920245
y: 22.0
z: -161.62121230845995
yaw: 359.86767578125
pitch: 0.7496585845947266
name: spawn
lastowner: bbb9c982-0bf1-47cf-b8e9-d4204d4665ba
